[gd_scene load_steps=23 format=3 uid="uid://dlgjnby6p27p1"]

[ext_resource type="PackedScene" uid="uid://cs51pokcyuwhd" path="res://scenes/characters/Mouseketeer.tscn" id="1_atg64"]
[ext_resource type="Script" uid="uid://dw74qj554c1ac" path="res://scripts/TutorialScene.gd" id="1_ch07a"]
[ext_resource type="Script" uid="uid://vwfgr43qq50f" path="res://scripts/TutorialPlayer.gd" id="3_1wo6d"]
[ext_resource type="Material" uid="uid://cctvegqrour2r" path="res://assets/material.tres" id="3_jfofl"]
[ext_resource type="PackedScene" uid="uid://cexu8vsrt1jho" path="res://scenes/TutorialDummy.tscn" id="4_gsy1u"]
[ext_resource type="PackedScene" uid="uid://cyj1ihlntja1j" path="res://scenes/TutorialMiniDummy.tscn" id="5_ctt0m"]
[ext_resource type="PackedScene" uid="uid://cwiap64eupo14" path="res://scenes/Spike.tscn" id="6_ljx6i"]
[ext_resource type="PackedScene" uid="uid://8533bk0osnnf" path="res://scenes/TutorialBoulder.tscn" id="7_m2fwn"]
[ext_resource type="PackedScene" uid="uid://c7rer8lovnu7h" path="res://scenes/TutorialRock.tscn" id="8_rtu3h"]

[sub_resource type="ProceduralSkyMaterial" id="ProceduralSkyMaterial_stgmv"]
sky_top_color = Color(0.329412, 0.411765, 0.917647, 1)
sky_horizon_color = Color(0.62451, 0.658823, 0.785294, 1)
ground_bottom_color = Color(0.168627, 0.223529, 0.223529, 1)
ground_horizon_color = Color(0.62451, 0.658823, 0.785294, 1)

[sub_resource type="Sky" id="Sky_cjsao"]
sky_material = SubResource("ProceduralSkyMaterial_stgmv")

[sub_resource type="Environment" id="Environment_3n6gn"]
background_mode = 2
sky = SubResource("Sky_cjsao")
ambient_light_source = 3
ambient_light_color = Color(0.709804, 0.858824, 0.988235, 1)
ambient_light_energy = 2.0
tonemap_mode = 2

[sub_resource type="BoxShape3D" id="BoxShape3D_1wo6d"]
size = Vector3(1.5, 10, 18)

[sub_resource type="StandardMaterial3D" id="StandardMaterial3D_8u2v2"]
albedo_color = Color(0, 0, 0, 1)

[sub_resource type="StandardMaterial3D" id="StandardMaterial3D_nodcr"]
albedo_color = Color(0, 0, 0, 1)
refraction_enabled = true

[sub_resource type="PrismMesh" id="PrismMesh_pkxwg"]
left_to_right = 0.0
size = Vector3(55, 4, 30)

[sub_resource type="BoxShape3D" id="BoxShape3D_38kdh"]
size = Vector3(17, 1, 30)

[sub_resource type="StandardMaterial3D" id="StandardMaterial3D_5br6g"]
albedo_color = Color(0, 0, 0, 1)
refraction_enabled = true

[sub_resource type="Animation" id="Animation_aagmp"]
length = 0.001
tracks/0/type = "value"
tracks/0/imported = false
tracks/0/enabled = true
tracks/0/path = NodePath("walls:position")
tracks/0/interp = 1
tracks/0/loop_wrap = true
tracks/0/keys = {
"times": PackedFloat32Array(0),
"transitions": PackedFloat32Array(1),
"update": 0,
"values": [Vector3(0, 100, 0)]
}
tracks/1/type = "value"
tracks/1/imported = false
tracks/1/enabled = true
tracks/1/path = NodePath("walls2:position")
tracks/1/interp = 1
tracks/1/loop_wrap = true
tracks/1/keys = {
"times": PackedFloat32Array(0),
"transitions": PackedFloat32Array(1),
"update": 0,
"values": [Vector3(-30.343, 99.1489, 11.165)]
}

[sub_resource type="Animation" id="Animation_1wo6d"]
resource_name = "last_wall"
tracks/0/type = "value"
tracks/0/imported = false
tracks/0/enabled = true
tracks/0/path = NodePath("walls2:position")
tracks/0/interp = 1
tracks/0/loop_wrap = true
tracks/0/keys = {
"times": PackedFloat32Array(0, 1),
"transitions": PackedFloat32Array(1, 1),
"update": 0,
"values": [Vector3(-30.343, 100, 11.165), Vector3(-30.343, -0.508789, 11.165)]
}

[sub_resource type="Animation" id="Animation_lap5x"]
resource_name = "walls"
tracks/0/type = "value"
tracks/0/imported = false
tracks/0/enabled = true
tracks/0/path = NodePath("walls:position")
tracks/0/interp = 1
tracks/0/loop_wrap = true
tracks/0/keys = {
"times": PackedFloat32Array(0, 1),
"transitions": PackedFloat32Array(1, 1),
"update": 0,
"values": [Vector3(0, 100, 0), Vector3(0, 0, 0)]
}

[sub_resource type="AnimationLibrary" id="AnimationLibrary_pfun0"]
_data = {
&"RESET": SubResource("Animation_aagmp"),
&"last_wall": SubResource("Animation_1wo6d"),
&"walls": SubResource("Animation_lap5x")
}

[node name="TutorialScene" type="Node3D"]
transform = Transform3D(1, 8.15379e-05, -6.55466e-05, -8.15379e-05, 1, 4.63006e-06, 6.55466e-05, -4.63006e-06, 1, 0, 0, 0)
script = ExtResource("1_ch07a")
positions_for_crates = Array[Vector3]([Vector3(36, 10, 2.5), Vector3(36, 10, 7.5), Vector3(36, 10, 12.5), Vector3(36, 10, 17.5), Vector3(36, 10, 22.5), Vector3(36, 10, 27.5), Vector3(41, 10, 2.5), Vector3(41, 10, 7.5), Vector3(41, 10, 12.5), Vector3(41, 10, 17.5), Vector3(41, 10, 22.5), Vector3(46, 10, 2.5), Vector3(46, 10, 7.5), Vector3(46, 10, 12.5), Vector3(46, 10, 17.5), Vector3(51, 10, 2.5), Vector3(51, 10, 7.5), Vector3(51, 10, 12.5), Vector3(56, 10, 2.5), Vector3(56, 10, 7.5)])
num_of_crates = Array[int]([0, 0, 0, 0, 0, 0, 0, 0, 0, 0, 0, 0, 0, 0, 0, 0, 0, 0, 0, 0])

[node name="WorldEnvironment" type="WorldEnvironment" parent="."]
environment = SubResource("Environment_3n6gn")

[node name="DirectionalLight3D" type="DirectionalLight3D" parent="."]
transform = Transform3D(-0.866025, -0.433013, 0.25, 0, 0.5, 0.866025, -0.5, 0.75, -0.433013, -3.36497, 5.96265, -11.7946)
light_color = Color(1, 0.992157, 0.662745, 1)
light_energy = 0.5
shadow_enabled = true

[node name="Player" parent="." instance=ExtResource("1_atg64")]
transform = Transform3D(1, 2.10376e-12, 0, 2.45584e-12, 1, 0, 0, 0, 1, -0.944509, 0.430769, 62.3599)
script = ExtResource("3_1wo6d")

[node name="Enemy" parent="." instance=ExtResource("4_gsy1u")]
transform = Transform3D(-2, 0, -1.74846e-07, 0, 2, 0, 1.74846e-07, 0, -2, -0.0778503, -3.7218, -56.3515)

[node name="MiniDummy" parent="." instance=ExtResource("5_ctt0m")]
transform = Transform3D(1, 0, 0, 0, 1, 0, 0, 0, 1, -34.7, -4.70081, -26.6)
visible = false

[node name="arena" type="CSGCombiner3D" parent="."]
transform = Transform3D(0.707107, 0, 0.707107, 0, 1, 0, -0.707107, 0, 0.707107, 0, 2, 0)
use_collision = true

[node name="CSGBox3D" type="CSGBox3D" parent="arena"]
size = Vector3(100, 20, 100)
material = ExtResource("3_jfofl")

[node name="CSGBox3D2" type="CSGBox3D" parent="arena"]
transform = Transform3D(1, 0, 0, 0, 1, 0, 0, 0, 1, 0, 1.30011, 0)
operation = 2
size = Vector3(98, 18, 98)
material = ExtResource("3_jfofl")

[node name="spikes" type="Node3D" parent="arena"]
transform = Transform3D(1, 0, 0, 0, 1, 0, 0, 0, 1, 0, -2, 0)
visible = false

[node name="Spike67" parent="arena/spikes" instance=ExtResource("6_ljx6i")]
transform = Transform3D(-0.115197, -0.993343, -4.34203e-08, 0, -4.37114e-08, 0.999999, -0.993342, 0.115197, 5.03542e-09, 48.4295, -5.21041, -47.7421)

[node name="Spike122" parent="arena/spikes" instance=ExtResource("6_ljx6i")]
transform = Transform3D(-0.115197, -0.993343, -4.34203e-08, 0, -4.37114e-08, 0.999999, -0.993342, 0.115197, 5.03542e-09, 48.4329, 2.02896, -44.7562)

[node name="Spike123" parent="arena/spikes" instance=ExtResource("6_ljx6i")]
transform = Transform3D(-0.115197, -0.993343, -4.34203e-08, 0, -4.37114e-08, 0.999999, -0.993342, 0.115197, 5.03542e-09, 48.4328, 2.02896, -45.7331)

[node name="Spike124" parent="arena/spikes" instance=ExtResource("6_ljx6i")]
transform = Transform3D(-0.115197, -0.993343, -4.34203e-08, -4.23516e-22, -4.37114e-08, 0.999998, -0.993341, 0.115197, 5.03542e-09, 48.4327, 2.02896, -46.7441)

[node name="Spike125" parent="arena/spikes" instance=ExtResource("6_ljx6i")]
transform = Transform3D(-0.115197, -0.993343, -4.34203e-08, 0, -4.37114e-08, 0.999999, -0.993342, 0.115197, 5.03542e-09, 48.4325, 1.92459, -48.7572)

[node name="Spike127" parent="arena/spikes" instance=ExtResource("6_ljx6i")]
transform = Transform3D(-0.115197, -0.993343, -4.34203e-08, -4.23516e-22, -4.37114e-08, 0.999998, -0.993341, 0.115197, 5.03542e-09, 48.4357, 1.96414, -47.7421)

[node name="Spike128" parent="arena/spikes" instance=ExtResource("6_ljx6i")]
transform = Transform3D(-0.115197, -0.993343, -4.34203e-08, 0, -4.37114e-08, 0.999999, -0.993342, 0.115197, 5.03542e-09, 48.436, 0.974274, -44.7561)

[node name="Spike129" parent="arena/spikes" instance=ExtResource("6_ljx6i")]
transform = Transform3D(-0.115197, -0.993343, -4.34203e-08, 0, -4.37114e-08, 0.999999, -0.993342, 0.115197, 5.03542e-09, 48.4359, 0.974274, -45.7332)

[node name="Spike130" parent="arena/spikes" instance=ExtResource("6_ljx6i")]
transform = Transform3D(-0.115197, -0.993343, -4.34203e-08, -4.23516e-22, -4.37114e-08, 0.999998, -0.993341, 0.115197, 5.03542e-09, 48.4358, 0.974274, -46.7441)

[node name="Spike131" parent="arena/spikes" instance=ExtResource("6_ljx6i")]
transform = Transform3D(-0.115197, -0.993343, -4.34203e-08, 0, -4.37114e-08, 0.999999, -0.993342, 0.115197, 5.03542e-09, 48.4356, 0.869904, -48.7572)

[node name="Spike133" parent="arena/spikes" instance=ExtResource("6_ljx6i")]
transform = Transform3D(-0.115197, -0.993343, -4.34203e-08, 0, -4.37114e-08, 0.999999, -0.993342, 0.115197, 5.03542e-09, 48.4387, 0.948029, -47.7421)

[node name="Spike134" parent="arena/spikes" instance=ExtResource("6_ljx6i")]
transform = Transform3D(-0.115197, -0.993343, -4.34203e-08, 0, -4.37114e-08, 0.999999, -0.993342, 0.115197, 5.03542e-09, 48.439, -0.0418396, -44.7561)

[node name="Spike135" parent="arena/spikes" instance=ExtResource("6_ljx6i")]
transform = Transform3D(-0.115197, -0.993343, -4.34203e-08, 0, -4.37114e-08, 0.999999, -0.993342, 0.115197, 5.03542e-09, 48.4389, -0.0418396, -45.7332)

[node name="Spike136" parent="arena/spikes" instance=ExtResource("6_ljx6i")]
transform = Transform3D(-0.115197, -0.993343, -4.34203e-08, 0, -4.37114e-08, 0.999999, -0.993342, 0.115197, 5.03542e-09, 48.4388, -0.0418396, -46.7441)

[node name="Spike137" parent="arena/spikes" instance=ExtResource("6_ljx6i")]
transform = Transform3D(-0.115197, -0.993343, -4.34203e-08, 0, -4.37114e-08, 0.999999, -0.993342, 0.115197, 5.03542e-09, 48.4386, -0.14621, -48.7572)

[node name="Spike139" parent="arena/spikes" instance=ExtResource("6_ljx6i")]
transform = Transform3D(-0.115197, -0.993343, -4.34203e-08, -4.23516e-22, -4.37114e-08, 0.999998, -0.993341, 0.115197, 5.03542e-09, 48.4418, -1.07953, -47.7421)

[node name="Spike140" parent="arena/spikes" instance=ExtResource("6_ljx6i")]
transform = Transform3D(-0.115197, -0.993343, -4.34203e-08, 0, -4.37114e-08, 0.999999, -0.993342, 0.115197, 5.03542e-09, 48.442, -1.07953, -44.7561)

[node name="Spike141" parent="arena/spikes" instance=ExtResource("6_ljx6i")]
transform = Transform3D(-0.115197, -0.993343, -4.34203e-08, 0, -4.37114e-08, 0.999999, -0.993342, 0.115197, 5.03542e-09, 48.4419, -1.07953, -45.7332)

[node name="Spike142" parent="arena/spikes" instance=ExtResource("6_ljx6i")]
transform = Transform3D(-0.115197, -0.993343, -4.34203e-08, -4.23516e-22, -4.37114e-08, 0.999998, -0.993341, 0.115197, 5.03542e-09, 48.4418, -1.07953, -46.7441)

[node name="Spike143" parent="arena/spikes" instance=ExtResource("6_ljx6i")]
transform = Transform3D(-0.115197, -0.993343, -4.34203e-08, 0, -4.37114e-08, 0.999999, -0.993342, 0.115197, 5.03542e-09, 48.4417, -1.1839, -48.7572)

[node name="Spike145" parent="arena/spikes" instance=ExtResource("6_ljx6i")]
transform = Transform3D(-0.115197, -0.993343, -4.34203e-08, -4.23516e-22, -4.37114e-08, 0.999998, -0.993341, 0.115197, 5.03542e-09, 48.4448, -2.11973, -47.7421)

[node name="Spike146" parent="arena/spikes" instance=ExtResource("6_ljx6i")]
transform = Transform3D(-0.115197, -0.993343, -4.34203e-08, 0, -4.37114e-08, 0.999999, -0.993342, 0.115197, 5.03542e-09, 48.4451, -2.11973, -44.7561)

[node name="Spike147" parent="arena/spikes" instance=ExtResource("6_ljx6i")]
transform = Transform3D(-0.115197, -0.993343, -4.34203e-08, 0, -4.37114e-08, 0.999999, -0.993342, 0.115197, 5.03542e-09, 48.445, -2.11973, -45.7332)

[node name="Spike148" parent="arena/spikes" instance=ExtResource("6_ljx6i")]
transform = Transform3D(-0.115197, -0.993343, -4.34203e-08, -4.23516e-22, -4.37114e-08, 0.999998, -0.993341, 0.115197, 5.03542e-09, 48.4449, -2.11973, -46.7442)

[node name="Spike149" parent="arena/spikes" instance=ExtResource("6_ljx6i")]
transform = Transform3D(-0.115197, -0.993343, -4.34203e-08, 0, -4.37114e-08, 0.999999, -0.993342, 0.115197, 5.03542e-09, 48.4447, -2.2241, -48.7572)

[node name="Spike151" parent="arena/spikes" instance=ExtResource("6_ljx6i")]
transform = Transform3D(-0.115197, -0.993343, -4.34203e-08, -4.23516e-22, -4.37114e-08, 0.999998, -0.993341, 0.115197, 5.03542e-09, 48.4479, -3.17442, -47.7421)

[node name="Spike152" parent="arena/spikes" instance=ExtResource("6_ljx6i")]
transform = Transform3D(-0.115197, -0.993343, -4.34203e-08, 0, -4.37114e-08, 0.999999, -0.993342, 0.115197, 5.03542e-09, 48.4482, -3.17442, -44.7562)

[node name="Spike153" parent="arena/spikes" instance=ExtResource("6_ljx6i")]
transform = Transform3D(-0.115197, -0.993343, -4.34203e-08, 0, -4.37114e-08, 0.999999, -0.993342, 0.115197, 5.03542e-09, 48.4481, -3.17442, -45.7331)

[node name="Spike154" parent="arena/spikes" instance=ExtResource("6_ljx6i")]
transform = Transform3D(-0.115197, -0.993343, -4.34203e-08, -4.23516e-22, -4.37114e-08, 0.999998, -0.993341, 0.115197, 5.03542e-09, 48.448, -3.17442, -46.7442)

[node name="Spike155" parent="arena/spikes" instance=ExtResource("6_ljx6i")]
transform = Transform3D(-0.115197, -0.993343, -4.34203e-08, 0, -4.37114e-08, 0.999999, -0.993342, 0.115197, 5.03542e-09, 48.4479, -3.27879, -48.7572)

[node name="Spike157" parent="arena/spikes" instance=ExtResource("6_ljx6i")]
transform = Transform3D(-0.115197, -0.993343, -4.34203e-08, -4.23516e-22, -4.37114e-08, 0.999998, -0.993341, 0.115197, 5.03542e-09, 48.451, -4.21552, -47.7421)

[node name="Spike158" parent="arena/spikes" instance=ExtResource("6_ljx6i")]
transform = Transform3D(-0.115197, -0.993343, -4.34203e-08, 0, -4.37114e-08, 0.999999, -0.993342, 0.115197, 5.03542e-09, 48.4513, -4.2155, -44.7561)

[node name="Spike159" parent="arena/spikes" instance=ExtResource("6_ljx6i")]
transform = Transform3D(-0.115197, -0.993343, -4.34203e-08, 0, -4.37114e-08, 0.999999, -0.993342, 0.115197, 5.03542e-09, 48.4512, -4.21552, -45.7331)

[node name="Spike160" parent="arena/spikes" instance=ExtResource("6_ljx6i")]
transform = Transform3D(-0.115197, -0.993343, -4.34203e-08, -4.23516e-22, -4.37114e-08, 0.999998, -0.993341, 0.115197, 5.03542e-09, 48.4511, -4.2155, -46.7442)

[node name="Spike161" parent="arena/spikes" instance=ExtResource("6_ljx6i")]
transform = Transform3D(-0.115197, -0.993343, -4.34203e-08, 0, -4.37114e-08, 0.999999, -0.993342, 0.115197, 5.03542e-09, 48.4509, -4.31989, -48.7572)

[node name="Spike163" parent="arena/spikes" instance=ExtResource("6_ljx6i")]
transform = Transform3D(-0.115197, -0.993343, -4.34203e-08, -4.23516e-22, -4.37114e-08, 0.999998, -0.993341, 0.115197, 5.03542e-09, 48.4541, -0.178955, -47.7422)

[node name="Spike164" parent="arena/spikes" instance=ExtResource("6_ljx6i")]
transform = Transform3D(-0.115197, -0.993343, -4.34203e-08, 0, -4.37114e-08, 0.999999, -0.993342, 0.115197, 5.03542e-09, 48.4543, -5.25323, -44.7562)

[node name="Spike165" parent="arena/spikes" instance=ExtResource("6_ljx6i")]
transform = Transform3D(-0.115197, -0.993343, -4.34203e-08, -4.23516e-22, -4.37114e-08, 0.999998, -0.993341, 0.115197, 5.03542e-09, 48.4542, -5.25323, -45.7331)

[node name="Spike166" parent="arena/spikes" instance=ExtResource("6_ljx6i")]
transform = Transform3D(-0.115197, -0.993343, -4.34203e-08, -4.23516e-22, -4.37114e-08, 0.999998, -0.993341, 0.115197, 5.03542e-09, 48.4542, -5.25323, -46.7441)

[node name="Spike167" parent="arena/spikes" instance=ExtResource("6_ljx6i")]
transform = Transform3D(-0.115197, -0.993343, -4.34203e-08, 0, -4.37114e-08, 0.999999, -0.993342, 0.115197, 5.03542e-09, 48.454, -5.3576, -48.7572)

[node name="Spike229" parent="arena/spikes" instance=ExtResource("6_ljx6i")]
transform = Transform3D(-0.115197, -0.993343, -4.34203e-08, 0, -4.37114e-08, 0.999999, -0.993342, 0.115197, 5.03542e-09, 48.4331, 2.02896, -41.7846)

[node name="Spike230" parent="arena/spikes" instance=ExtResource("6_ljx6i")]
transform = Transform3D(-0.115197, -0.993343, -4.34203e-08, 0, -4.37114e-08, 0.999999, -0.993342, 0.115197, 5.03542e-09, 48.4334, 2.02896, -38.7987)

[node name="Spike231" parent="arena/spikes" instance=ExtResource("6_ljx6i")]
transform = Transform3D(-0.115197, -0.993343, -4.34203e-08, 0, -4.37114e-08, 0.999999, -0.993342, 0.115197, 5.03542e-09, 48.4333, 2.02896, -39.7757)

[node name="Spike232" parent="arena/spikes" instance=ExtResource("6_ljx6i")]
transform = Transform3D(-0.115197, -0.993343, -4.34203e-08, -4.23516e-22, -4.37114e-08, 0.999998, -0.993341, 0.115197, 5.03542e-09, 48.4332, 2.02896, -40.7867)

[node name="Spike233" parent="arena/spikes" instance=ExtResource("6_ljx6i")]
transform = Transform3D(-0.115197, -0.993343, -4.34203e-08, 0, -4.37114e-08, 0.999999, -0.993342, 0.115197, 5.03542e-09, 48.433, 2.02896, -42.7997)

[node name="Spike234" parent="arena/spikes" instance=ExtResource("6_ljx6i")]
transform = Transform3D(-0.115197, -0.993343, -4.34203e-08, 0, -4.37114e-08, 0.999999, -0.993342, 0.115197, 5.03542e-09, 48.4329, 2.02896, -43.7891)

[node name="Spike235" parent="arena/spikes" instance=ExtResource("6_ljx6i")]
transform = Transform3D(-0.115197, -0.993343, -4.34203e-08, -4.23516e-22, -4.37114e-08, 0.999998, -0.993341, 0.115197, 5.03542e-09, 48.4362, 0.974274, -41.7846)

[node name="Spike236" parent="arena/spikes" instance=ExtResource("6_ljx6i")]
transform = Transform3D(-0.115197, -0.993343, -4.34203e-08, 0, -4.37114e-08, 0.999999, -0.993342, 0.115197, 5.03542e-09, 48.4365, 0.974274, -38.7987)

[node name="Spike237" parent="arena/spikes" instance=ExtResource("6_ljx6i")]
transform = Transform3D(-0.115197, -0.993343, -4.34203e-08, 0, -4.37114e-08, 0.999999, -0.993342, 0.115197, 5.03542e-09, 48.4364, 0.974274, -39.7757)

[node name="Spike238" parent="arena/spikes" instance=ExtResource("6_ljx6i")]
transform = Transform3D(-0.115197, -0.993343, -4.34203e-08, -4.23516e-22, -4.37114e-08, 0.999998, -0.993341, 0.115197, 5.03542e-09, 48.4363, 0.974274, -40.7867)

[node name="Spike239" parent="arena/spikes" instance=ExtResource("6_ljx6i")]
transform = Transform3D(-0.115197, -0.993343, -4.34203e-08, 0, -4.37114e-08, 0.999999, -0.993342, 0.115197, 5.03542e-09, 48.4361, 0.974274, -42.7997)

[node name="Spike240" parent="arena/spikes" instance=ExtResource("6_ljx6i")]
transform = Transform3D(-0.115197, -0.993343, -4.34203e-08, 0, -4.37114e-08, 0.999999, -0.993342, 0.115197, 5.03542e-09, 48.4361, 0.974274, -43.7891)

[node name="Spike241" parent="arena/spikes" instance=ExtResource("6_ljx6i")]
transform = Transform3D(-0.115197, -0.993343, -4.34203e-08, 0, -4.37114e-08, 0.999999, -0.993342, 0.115197, 5.03542e-09, 48.4392, -0.0418396, -41.7847)

[node name="Spike242" parent="arena/spikes" instance=ExtResource("6_ljx6i")]
transform = Transform3D(-0.115197, -0.993343, -4.34203e-08, 0, -4.37114e-08, 0.999999, -0.993342, 0.115197, 5.03542e-09, 48.4395, -0.0418396, -38.7987)

[node name="Spike243" parent="arena/spikes" instance=ExtResource("6_ljx6i")]
transform = Transform3D(-0.115197, -0.993343, -4.34203e-08, 0, -4.37114e-08, 0.999999, -0.993342, 0.115197, 5.03542e-09, 48.4394, -0.0418396, -39.7757)

[node name="Spike244" parent="arena/spikes" instance=ExtResource("6_ljx6i")]
transform = Transform3D(-0.115197, -0.993343, -4.34203e-08, 0, -4.37114e-08, 0.999999, -0.993342, 0.115197, 5.03542e-09, 48.4393, -0.0418396, -40.7867)

[node name="Spike245" parent="arena/spikes" instance=ExtResource("6_ljx6i")]
transform = Transform3D(-0.115197, -0.993343, -4.34203e-08, 0, -4.37114e-08, 0.999999, -0.993342, 0.115197, 5.03542e-09, 48.4391, -0.0418396, -42.7997)

[node name="Spike246" parent="arena/spikes" instance=ExtResource("6_ljx6i")]
transform = Transform3D(-0.115197, -0.993343, -4.34203e-08, 0, -4.37114e-08, 0.999999, -0.993342, 0.115197, 5.03542e-09, 48.4391, -0.0418396, -43.7891)

[node name="Spike247" parent="arena/spikes" instance=ExtResource("6_ljx6i")]
transform = Transform3D(-0.115197, -0.993343, -4.34203e-08, -4.23516e-22, -4.37114e-08, 0.999998, -0.993341, 0.115197, 5.03542e-09, 48.4423, -1.07953, -41.7846)

[node name="Spike248" parent="arena/spikes" instance=ExtResource("6_ljx6i")]
transform = Transform3D(-0.115197, -0.993343, -4.34203e-08, 0, -4.37114e-08, 0.999999, -0.993342, 0.115197, 5.03542e-09, 48.4425, -1.07953, -38.7987)

[node name="Spike249" parent="arena/spikes" instance=ExtResource("6_ljx6i")]
transform = Transform3D(-0.115197, -0.993343, -4.34203e-08, 0, -4.37114e-08, 0.999999, -0.993342, 0.115197, 5.03542e-09, 48.4425, -1.07953, -39.7757)

[node name="Spike250" parent="arena/spikes" instance=ExtResource("6_ljx6i")]
transform = Transform3D(-0.115197, -0.993343, -4.34203e-08, -4.23516e-22, -4.37114e-08, 0.999998, -0.993341, 0.115197, 5.03542e-09, 48.4424, -1.07953, -40.7867)

[node name="Spike251" parent="arena/spikes" instance=ExtResource("6_ljx6i")]
transform = Transform3D(-0.115197, -0.993343, -4.34203e-08, 0, -4.37114e-08, 0.999999, -0.993342, 0.115197, 5.03542e-09, 48.4422, -1.07953, -42.7997)

[node name="Spike252" parent="arena/spikes" instance=ExtResource("6_ljx6i")]
transform = Transform3D(-0.115197, -0.993343, -4.34203e-08, 0, -4.37114e-08, 0.999999, -0.993342, 0.115197, 5.03542e-09, 48.4421, -1.07953, -43.7891)

[node name="Spike253" parent="arena/spikes" instance=ExtResource("6_ljx6i")]
transform = Transform3D(-0.115197, -0.993343, -4.34203e-08, -4.23516e-22, -4.37114e-08, 0.999998, -0.993341, 0.115197, 5.03542e-09, 48.4453, -2.11973, -41.7846)

[node name="Spike254" parent="arena/spikes" instance=ExtResource("6_ljx6i")]
transform = Transform3D(-0.115197, -0.993343, -4.34203e-08, 0, -4.37114e-08, 0.999999, -0.993342, 0.115197, 5.03542e-09, 48.4456, -2.11973, -38.7987)

[node name="Spike255" parent="arena/spikes" instance=ExtResource("6_ljx6i")]
transform = Transform3D(-0.115197, -0.993343, -4.34203e-08, 0, -4.37114e-08, 0.999999, -0.993342, 0.115197, 5.03542e-09, 48.4455, -2.11973, -39.7757)

[node name="Spike256" parent="arena/spikes" instance=ExtResource("6_ljx6i")]
transform = Transform3D(-0.115197, -0.993343, -4.34203e-08, -4.23516e-22, -4.37114e-08, 0.999998, -0.993341, 0.115197, 5.03542e-09, 48.4454, -2.11973, -40.7867)

[node name="Spike257" parent="arena/spikes" instance=ExtResource("6_ljx6i")]
transform = Transform3D(-0.115197, -0.993343, -4.34203e-08, 0, -4.37114e-08, 0.999999, -0.993342, 0.115197, 5.03542e-09, 48.4453, -2.11973, -42.7997)

[node name="Spike258" parent="arena/spikes" instance=ExtResource("6_ljx6i")]
transform = Transform3D(-0.115197, -0.993343, -4.34203e-08, 0, -4.37114e-08, 0.999999, -0.993342, 0.115197, 5.03542e-09, 48.4452, -2.11973, -43.7891)

[node name="Spike259" parent="arena/spikes" instance=ExtResource("6_ljx6i")]
transform = Transform3D(-0.115197, -0.993343, -4.34203e-08, -4.23516e-22, -4.37114e-08, 0.999998, -0.993341, 0.115197, 5.03542e-09, 48.4485, -3.17442, -41.7846)

[node name="Spike260" parent="arena/spikes" instance=ExtResource("6_ljx6i")]
transform = Transform3D(-0.115197, -0.993343, -4.34203e-08, 0, -4.37114e-08, 0.999999, -0.993342, 0.115197, 5.03542e-09, 48.4487, -3.17442, -38.7987)

[node name="Spike261" parent="arena/spikes" instance=ExtResource("6_ljx6i")]
transform = Transform3D(-0.115197, -0.993343, -4.34203e-08, 0, -4.37114e-08, 0.999999, -0.993342, 0.115197, 5.03542e-09, 48.4486, -3.17442, -39.7757)

[node name="Spike262" parent="arena/spikes" instance=ExtResource("6_ljx6i")]
transform = Transform3D(-0.115197, -0.993343, -4.34203e-08, -4.23516e-22, -4.37114e-08, 0.999998, -0.993341, 0.115197, 5.03542e-09, 48.4485, -3.17442, -40.7867)

[node name="Spike263" parent="arena/spikes" instance=ExtResource("6_ljx6i")]
transform = Transform3D(-0.115197, -0.993343, -4.34203e-08, 0, -4.37114e-08, 0.999999, -0.993342, 0.115197, 5.03542e-09, 48.4484, -3.17442, -42.7997)

[node name="Spike264" parent="arena/spikes" instance=ExtResource("6_ljx6i")]
transform = Transform3D(-0.115197, -0.993343, -4.34203e-08, 0, -4.37114e-08, 0.999999, -0.993342, 0.115197, 5.03542e-09, 48.4483, -3.17442, -43.7891)

[node name="Spike265" parent="arena/spikes" instance=ExtResource("6_ljx6i")]
transform = Transform3D(-0.115197, -0.993343, -4.34203e-08, -4.23516e-22, -4.37114e-08, 0.999998, -0.993341, 0.115197, 5.03542e-09, 48.4516, -4.21552, -41.7847)

[node name="Spike266" parent="arena/spikes" instance=ExtResource("6_ljx6i")]
transform = Transform3D(-0.115197, -0.993343, -4.34203e-08, 0, -4.37114e-08, 0.999999, -0.993342, 0.115197, 5.03542e-09, 48.4518, -4.2155, -38.7987)

[node name="Spike267" parent="arena/spikes" instance=ExtResource("6_ljx6i")]
transform = Transform3D(-0.115197, -0.993343, -4.34203e-08, 0, -4.37114e-08, 0.999999, -0.993342, 0.115197, 5.03542e-09, 48.4517, -4.21552, -39.7757)

[node name="Spike268" parent="arena/spikes" instance=ExtResource("6_ljx6i")]
transform = Transform3D(-0.115197, -0.993343, -4.34203e-08, -4.23516e-22, -4.37114e-08, 0.999998, -0.993341, 0.115197, 5.03542e-09, 48.4516, -4.2155, -40.7867)

[node name="Spike269" parent="arena/spikes" instance=ExtResource("6_ljx6i")]
transform = Transform3D(-0.115197, -0.993343, -4.34203e-08, 0, -4.37114e-08, 0.999999, -0.993342, 0.115197, 5.03542e-09, 48.4514, -4.21552, -42.7997)

[node name="Spike270" parent="arena/spikes" instance=ExtResource("6_ljx6i")]
transform = Transform3D(-0.115197, -0.993343, -4.34203e-08, 0, -4.37114e-08, 0.999999, -0.993342, 0.115197, 5.03542e-09, 48.4514, -4.21552, -43.7891)

[node name="Spike271" parent="arena/spikes" instance=ExtResource("6_ljx6i")]
transform = Transform3D(-0.115197, -0.993343, -4.34203e-08, -4.23516e-22, -4.37114e-08, 0.999998, -0.993341, 0.115197, 5.03542e-09, 48.4546, -5.25323, -41.7846)

[node name="Spike272" parent="arena/spikes" instance=ExtResource("6_ljx6i")]
transform = Transform3D(-0.115197, -0.993343, -4.34203e-08, 0, -4.37114e-08, 0.999999, -0.993342, 0.115197, 5.03542e-09, 48.4549, -5.25323, -38.7987)

[node name="Spike273" parent="arena/spikes" instance=ExtResource("6_ljx6i")]
transform = Transform3D(-0.115197, -0.993343, -4.34203e-08, -4.23516e-22, -4.37114e-08, 0.999998, -0.993341, 0.115197, 5.03542e-09, 48.4548, -5.25323, -39.7757)

[node name="Spike274" parent="arena/spikes" instance=ExtResource("6_ljx6i")]
transform = Transform3D(-0.115197, -0.993343, -4.34203e-08, -4.23516e-22, -4.37114e-08, 0.999998, -0.993341, 0.115197, 5.03542e-09, 48.4547, -5.25323, -40.7867)

[node name="Spike275" parent="arena/spikes" instance=ExtResource("6_ljx6i")]
transform = Transform3D(-0.115197, -0.993343, -4.34203e-08, 0, -4.37114e-08, 0.999999, -0.993342, 0.115197, 5.03542e-09, 48.4545, -5.25323, -42.7997)

[node name="Spike276" parent="arena/spikes" instance=ExtResource("6_ljx6i")]
transform = Transform3D(-0.115197, -0.993343, -4.34203e-08, 0, -4.37114e-08, 0.999999, -0.993342, 0.115197, 5.03542e-09, 48.4544, -5.25323, -43.7891)

[node name="Spike337" parent="arena/spikes" instance=ExtResource("6_ljx6i")]
transform = Transform3D(-0.115197, -0.993343, -4.34203e-08, 0, -4.37114e-08, 0.999999, -0.993342, 0.115197, 5.03542e-09, 48.4336, 2.02896, -35.8742)

[node name="Spike338" parent="arena/spikes" instance=ExtResource("6_ljx6i")]
transform = Transform3D(-0.115197, -0.993343, -4.34203e-08, 0, -4.37114e-08, 0.999999, -0.993342, 0.115197, 5.03542e-09, 48.4339, 2.02896, -32.8882)

[node name="Spike339" parent="arena/spikes" instance=ExtResource("6_ljx6i")]
transform = Transform3D(-0.115197, -0.993343, -4.34203e-08, 0, -4.37114e-08, 0.999999, -0.993342, 0.115197, 5.03542e-09, 48.4338, 2.02896, -33.8652)

[node name="Spike340" parent="arena/spikes" instance=ExtResource("6_ljx6i")]
transform = Transform3D(-0.115197, -0.993343, -4.34203e-08, -4.23516e-22, -4.37114e-08, 0.999998, -0.993341, 0.115197, 5.03542e-09, 48.4337, 2.02896, -34.8762)

[node name="Spike341" parent="arena/spikes" instance=ExtResource("6_ljx6i")]
transform = Transform3D(-0.115197, -0.993343, -4.34203e-08, 0, -4.37114e-08, 0.999999, -0.993342, 0.115197, 5.03542e-09, 48.4335, 2.02896, -36.8893)

[node name="Spike342" parent="arena/spikes" instance=ExtResource("6_ljx6i")]
transform = Transform3D(-0.115197, -0.993343, -4.34203e-08, 0, -4.37114e-08, 0.999999, -0.993342, 0.115197, 5.03542e-09, 48.4335, 2.02896, -37.8786)

[node name="Spike343" parent="arena/spikes" instance=ExtResource("6_ljx6i")]
transform = Transform3D(-0.115197, -0.993343, -4.34203e-08, -4.23516e-22, -4.37114e-08, 0.999998, -0.993341, 0.115197, 5.03542e-09, 48.4367, 0.974274, -35.8742)

[node name="Spike344" parent="arena/spikes" instance=ExtResource("6_ljx6i")]
transform = Transform3D(-0.115197, -0.993343, -4.34203e-08, 0, -4.37114e-08, 0.999999, -0.993342, 0.115197, 5.03542e-09, 48.437, 0.974274, -32.8882)

[node name="Spike345" parent="arena/spikes" instance=ExtResource("6_ljx6i")]
transform = Transform3D(-0.115197, -0.993343, -4.34203e-08, 0, -4.37114e-08, 0.999999, -0.993342, 0.115197, 5.03542e-09, 48.4369, 0.974274, -33.8652)

[node name="Spike346" parent="arena/spikes" instance=ExtResource("6_ljx6i")]
transform = Transform3D(-0.115197, -0.993343, -4.34203e-08, -4.23516e-22, -4.37114e-08, 0.999998, -0.993341, 0.115197, 5.03542e-09, 48.4368, 0.974274, -34.8762)

[node name="Spike347" parent="arena/spikes" instance=ExtResource("6_ljx6i")]
transform = Transform3D(-0.115197, -0.993343, -4.34203e-08, 0, -4.37114e-08, 0.999999, -0.993342, 0.115197, 5.03542e-09, 48.4367, 0.974274, -36.8893)

[node name="Spike348" parent="arena/spikes" instance=ExtResource("6_ljx6i")]
transform = Transform3D(-0.115197, -0.993343, -4.34203e-08, 0, -4.37114e-08, 0.999999, -0.993342, 0.115197, 5.03542e-09, 48.4366, 0.974274, -37.8786)

[node name="Spike349" parent="arena/spikes" instance=ExtResource("6_ljx6i")]
transform = Transform3D(-0.115197, -0.993343, -4.34203e-08, 0, -4.37114e-08, 0.999999, -0.993342, 0.115197, 5.03542e-09, 48.4397, -0.0418396, -35.8742)

[node name="Spike350" parent="arena/spikes" instance=ExtResource("6_ljx6i")]
transform = Transform3D(-0.115197, -0.993343, -4.34203e-08, 0, -4.37114e-08, 0.999999, -0.993342, 0.115197, 5.03542e-09, 48.44, -0.0418396, -32.8882)

[node name="Spike351" parent="arena/spikes" instance=ExtResource("6_ljx6i")]
transform = Transform3D(-0.115197, -0.993343, -4.34203e-08, 0, -4.37114e-08, 0.999999, -0.993342, 0.115197, 5.03542e-09, 48.4399, -0.0418396, -33.8652)

[node name="Spike352" parent="arena/spikes" instance=ExtResource("6_ljx6i")]
transform = Transform3D(-0.115197, -0.993343, -4.34203e-08, 0, -4.37114e-08, 0.999999, -0.993342, 0.115197, 5.03542e-09, 48.4398, -0.0418396, -34.8762)

[node name="Spike353" parent="arena/spikes" instance=ExtResource("6_ljx6i")]
transform = Transform3D(-0.115197, -0.993343, -4.34203e-08, 0, -4.37114e-08, 0.999999, -0.993342, 0.115197, 5.03542e-09, 48.4397, -0.0418396, -36.8893)

[node name="Spike354" parent="arena/spikes" instance=ExtResource("6_ljx6i")]
transform = Transform3D(-0.115197, -0.993343, -4.34203e-08, 0, -4.37114e-08, 0.999999, -0.993342, 0.115197, 5.03542e-09, 48.4396, -0.0418396, -37.8786)

[node name="Spike355" parent="arena/spikes" instance=ExtResource("6_ljx6i")]
transform = Transform3D(-0.115197, -0.993343, -4.34203e-08, -4.23516e-22, -4.37114e-08, 0.999998, -0.993341, 0.115197, 5.03542e-09, 48.4428, -1.07953, -35.8742)

[node name="Spike356" parent="arena/spikes" instance=ExtResource("6_ljx6i")]
transform = Transform3D(-0.115197, -0.993343, -4.34203e-08, 0, -4.37114e-08, 0.999999, -0.993342, 0.115197, 5.03542e-09, 48.4431, -1.07953, -32.8882)

[node name="Spike357" parent="arena/spikes" instance=ExtResource("6_ljx6i")]
transform = Transform3D(-0.115197, -0.993343, -4.34203e-08, 0, -4.37114e-08, 0.999999, -0.993342, 0.115197, 5.03542e-09, 48.443, -1.07953, -33.8652)

[node name="Spike358" parent="arena/spikes" instance=ExtResource("6_ljx6i")]
transform = Transform3D(-0.115197, -0.993343, -4.34203e-08, -4.23516e-22, -4.37114e-08, 0.999998, -0.993341, 0.115197, 5.03542e-09, 48.4429, -1.07953, -34.8762)

[node name="Spike359" parent="arena/spikes" instance=ExtResource("6_ljx6i")]
transform = Transform3D(-0.115197, -0.993343, -4.34203e-08, 0, -4.37114e-08, 0.999999, -0.993342, 0.115197, 5.03542e-09, 48.4427, -1.07953, -36.8893)

[node name="Spike360" parent="arena/spikes" instance=ExtResource("6_ljx6i")]
transform = Transform3D(-0.115197, -0.993343, -4.34203e-08, 0, -4.37114e-08, 0.999999, -0.993342, 0.115197, 5.03542e-09, 48.4426, -1.07953, -37.8786)

[node name="Spike361" parent="arena/spikes" instance=ExtResource("6_ljx6i")]
transform = Transform3D(-0.115197, -0.993343, -4.34203e-08, -4.23516e-22, -4.37114e-08, 0.999998, -0.993341, 0.115197, 5.03542e-09, 48.4459, -2.11973, -35.8742)

[node name="Spike362" parent="arena/spikes" instance=ExtResource("6_ljx6i")]
transform = Transform3D(-0.115197, -0.993343, -4.34203e-08, 0, -4.37114e-08, 0.999999, -0.993342, 0.115197, 5.03542e-09, 48.4461, -2.11973, -32.8882)

[node name="Spike363" parent="arena/spikes" instance=ExtResource("6_ljx6i")]
transform = Transform3D(-0.115197, -0.993343, -4.34203e-08, 0, -4.37114e-08, 0.999999, -0.993342, 0.115197, 5.03542e-09, 48.446, -2.11973, -33.8652)

[node name="Spike364" parent="arena/spikes" instance=ExtResource("6_ljx6i")]
transform = Transform3D(-0.115197, -0.993343, -4.34203e-08, -4.23516e-22, -4.37114e-08, 0.999998, -0.993341, 0.115197, 5.03542e-09, 48.446, -2.11973, -34.8762)

[node name="Spike365" parent="arena/spikes" instance=ExtResource("6_ljx6i")]
transform = Transform3D(-0.115197, -0.993343, -4.34203e-08, 0, -4.37114e-08, 0.999999, -0.993342, 0.115197, 5.03542e-09, 48.4458, -2.11973, -36.8893)

[node name="Spike366" parent="arena/spikes" instance=ExtResource("6_ljx6i")]
transform = Transform3D(-0.115197, -0.993343, -4.34203e-08, 0, -4.37114e-08, 0.999999, -0.993342, 0.115197, 5.03542e-09, 48.4457, -2.11973, -37.8786)

[node name="Spike367" parent="arena/spikes" instance=ExtResource("6_ljx6i")]
transform = Transform3D(-0.115197, -0.993343, -4.34203e-08, -4.23516e-22, -4.37114e-08, 0.999998, -0.993341, 0.115197, 5.03542e-09, 48.449, -3.17442, -35.8742)

[node name="Spike368" parent="arena/spikes" instance=ExtResource("6_ljx6i")]
transform = Transform3D(-0.115197, -0.993343, -4.34203e-08, 0, -4.37114e-08, 0.999999, -0.993342, 0.115197, 5.03542e-09, 48.4492, -3.17442, -32.8882)

[node name="Spike369" parent="arena/spikes" instance=ExtResource("6_ljx6i")]
transform = Transform3D(-0.115197, -0.993343, -4.34203e-08, 0, -4.37114e-08, 0.999999, -0.993342, 0.115197, 5.03542e-09, 48.4492, -3.17442, -33.8652)

[node name="Spike370" parent="arena/spikes" instance=ExtResource("6_ljx6i")]
transform = Transform3D(-0.115197, -0.993343, -4.34203e-08, -4.23516e-22, -4.37114e-08, 0.999998, -0.993341, 0.115197, 5.03542e-09, 48.4491, -3.17442, -34.8762)

[node name="Spike371" parent="arena/spikes" instance=ExtResource("6_ljx6i")]
transform = Transform3D(-0.115197, -0.993343, -4.34203e-08, 0, -4.37114e-08, 0.999999, -0.993342, 0.115197, 5.03542e-09, 48.4489, -3.17442, -36.8893)

[node name="Spike372" parent="arena/spikes" instance=ExtResource("6_ljx6i")]
transform = Transform3D(-0.115197, -0.993343, -4.34203e-08, 0, -4.37114e-08, 0.999999, -0.993342, 0.115197, 5.03542e-09, 48.4488, -3.17442, -37.8786)

[node name="Spike373" parent="arena/spikes" instance=ExtResource("6_ljx6i")]
transform = Transform3D(-0.115197, -0.993343, -4.34203e-08, -4.23516e-22, -4.37114e-08, 0.999998, -0.993341, 0.115197, 5.03542e-09, 48.4521, -4.21552, -35.8742)

[node name="Spike374" parent="arena/spikes" instance=ExtResource("6_ljx6i")]
transform = Transform3D(-0.115197, -0.993343, -4.34203e-08, 0, -4.37114e-08, 0.999999, -0.993342, 0.115197, 5.03542e-09, 48.4523, -4.2155, -32.8882)

[node name="Spike375" parent="arena/spikes" instance=ExtResource("6_ljx6i")]
transform = Transform3D(-0.115197, -0.993343, -4.34203e-08, 0, -4.37114e-08, 0.999999, -0.993342, 0.115197, 5.03542e-09, 48.4522, -4.21552, -33.8652)

[node name="Spike376" parent="arena/spikes" instance=ExtResource("6_ljx6i")]
transform = Transform3D(-0.115197, -0.993343, -4.34203e-08, -4.23516e-22, -4.37114e-08, 0.999998, -0.993341, 0.115197, 5.03542e-09, 48.4521, -4.2155, -34.8762)

[node name="Spike377" parent="arena/spikes" instance=ExtResource("6_ljx6i")]
transform = Transform3D(-0.115197, -0.993343, -4.34203e-08, 0, -4.37114e-08, 0.999999, -0.993342, 0.115197, 5.03542e-09, 48.452, -4.21552, -36.8893)

[node name="Spike378" parent="arena/spikes" instance=ExtResource("6_ljx6i")]
transform = Transform3D(-0.115197, -0.993343, -4.34203e-08, 0, -4.37114e-08, 0.999999, -0.993342, 0.115197, 5.03542e-09, 48.4519, -4.21552, -37.8787)

[node name="Spike379" parent="arena/spikes" instance=ExtResource("6_ljx6i")]
transform = Transform3D(-0.115197, -0.993343, -4.34203e-08, -4.23516e-22, -4.37114e-08, 0.999998, -0.993341, 0.115197, 5.03542e-09, 48.4551, -5.25323, -35.8742)

[node name="Spike380" parent="arena/spikes" instance=ExtResource("6_ljx6i")]
transform = Transform3D(-0.115197, -0.993343, -4.34203e-08, 0, -4.37114e-08, 0.999999, -0.993342, 0.115197, 5.03542e-09, 48.4554, -5.25323, -32.8882)

[node name="Spike381" parent="arena/spikes" instance=ExtResource("6_ljx6i")]
transform = Transform3D(-0.115197, -0.993343, -4.34203e-08, -4.23516e-22, -4.37114e-08, 0.999998, -0.993341, 0.115197, 5.03542e-09, 48.4553, -5.25323, -33.8652)

[node name="Spike382" parent="arena/spikes" instance=ExtResource("6_ljx6i")]
transform = Transform3D(-0.115197, -0.993343, -4.34203e-08, -4.23516e-22, -4.37114e-08, 0.999998, -0.993341, 0.115197, 5.03542e-09, 48.4552, -5.25323, -34.8762)

[node name="Spike383" parent="arena/spikes" instance=ExtResource("6_ljx6i")]
transform = Transform3D(-0.115197, -0.993343, -4.34203e-08, 0, -4.37114e-08, 0.999999, -0.993342, 0.115197, 5.03542e-09, 48.455, -5.25323, -36.8893)

[node name="Spike384" parent="arena/spikes" instance=ExtResource("6_ljx6i")]
transform = Transform3D(-0.115197, -0.993343, -4.34203e-08, 0, -4.37114e-08, 0.999999, -0.993342, 0.115197, 5.03542e-09, 48.4549, -5.25323, -37.8786)

[node name="Spike445" parent="arena/spikes" instance=ExtResource("6_ljx6i")]
transform = Transform3D(-0.115197, -0.993343, -4.34203e-08, 0, -4.37114e-08, 0.999999, -0.993342, 0.115197, 5.03542e-09, 48.4341, 2.02896, -29.993)

[node name="Spike446" parent="arena/spikes" instance=ExtResource("6_ljx6i")]
transform = Transform3D(-0.115197, -0.993343, -4.34203e-08, 0, -4.37114e-08, 0.999999, -0.993342, 0.115197, 5.03542e-09, 48.4344, 2.02896, -27.007)

[node name="Spike447" parent="arena/spikes" instance=ExtResource("6_ljx6i")]
transform = Transform3D(-0.115197, -0.993343, -4.34203e-08, 0, -4.37114e-08, 0.999999, -0.993342, 0.115197, 5.03542e-09, 48.4343, 2.02896, -27.984)

[node name="Spike448" parent="arena/spikes" instance=ExtResource("6_ljx6i")]
transform = Transform3D(-0.115197, -0.993343, -4.34203e-08, -4.23516e-22, -4.37114e-08, 0.999998, -0.993341, 0.115197, 5.03542e-09, 48.4342, 2.02896, -28.995)

[node name="Spike449" parent="arena/spikes" instance=ExtResource("6_ljx6i")]
transform = Transform3D(-0.115197, -0.993343, -4.34203e-08, 0, -4.37114e-08, 0.999999, -0.993342, 0.115197, 5.03542e-09, 48.4341, 2.02896, -31.0081)

[node name="Spike450" parent="arena/spikes" instance=ExtResource("6_ljx6i")]
transform = Transform3D(-0.115197, -0.993343, -4.34203e-08, 0, -4.37114e-08, 0.999999, -0.993342, 0.115197, 5.03542e-09, 48.434, 2.02896, -31.9974)

[node name="Spike451" parent="arena/spikes" instance=ExtResource("6_ljx6i")]
transform = Transform3D(-0.115197, -0.993343, -4.34203e-08, -4.23516e-22, -4.37114e-08, 0.999998, -0.993341, 0.115197, 5.03542e-09, 48.4373, 0.974274, -29.993)

[node name="Spike452" parent="arena/spikes" instance=ExtResource("6_ljx6i")]
transform = Transform3D(-0.115197, -0.993343, -4.34203e-08, 0, -4.37114e-08, 0.999999, -0.993342, 0.115197, 5.03542e-09, 48.4375, 0.974274, -27.007)

[node name="Spike453" parent="arena/spikes" instance=ExtResource("6_ljx6i")]
transform = Transform3D(-0.115197, -0.993343, -4.34203e-08, 0, -4.37114e-08, 0.999999, -0.993342, 0.115197, 5.03542e-09, 48.4374, 0.974274, -27.984)

[node name="Spike454" parent="arena/spikes" instance=ExtResource("6_ljx6i")]
